9
10
17
19
28
29
33
50
56
64
65
68
71
79
91
98
104
106
107
118
124
128
131
137
139
143
174
178
184
185
199
212
220
222
223
226
241
242
248
249
250
253
255
265
267
270
272
274
282
285
290
295
301
303
306
317
319
325
330
334
338
339
341
342
347
365
369
373
376
378
384
397
412
414
417
421
427
438
458
468
471
473
489
491
497
498
502
505
514
515
520
521
528
538
548
551
564
566
568
569
575
589
596
599
602
607
608
617
624
625
648
651
661
664
669
670
677
678
679
681
683
687
691
692
695
698
699
715
723
725
726
732
735
738
745
746
749
755
757
762
764
785
786
787
789
790
792
795
800
801
802
819
821
822
824
833
840
841
842
845
846
848
849
851
854
855
856
858
869
871
873
876
880
881
888
897
900
901
908
910
915
918
923
927
937
939
941
944
948
958
961
964
965
968
977
985
1006
1007
1013
1018
1023
1029
1033
1036
1039
1040
1055
1061
1063
1066
1073
1075
1078
1079
1084
1090
1111
1118
1127
1128
1131
1136
1143
1155
1160
1161
1173
1186
1195
1200
1205
1208
1210
1211
1227
1230
1233
1235
1236
1238
1241
1247
1265
1271
1274
1287
1291
1292
1294
1296
1304
1312
1313
1317
1320
1323
1327
1345
1354
1368
1377
1385
1392
1395
1401
1402
1407
1409
1421
1438
1439
1440
1442
1443
1447
1448
1454
1459
1460
1462
1470
1476
1480
1485
1498
1524
1527
1537
1541
1549
1550
1558
1559
1568
1580
1589
1592
1606
1609
1612
1615
1620
1629
1637
1641
1651
1660
1664
1666
1674
1679
1681
1685
1690
1693
1698
1700
1701
1711
1713
1714
1723
1725
1728
1733
1752
1787
1792
1793
1798
1805
1809
1810
1816
1829
1839
1848
1849
1853
1856
1859
1866
1871
1876
1888
1890
1898
1902
1906
1908
1909
1910
1911
1917
1922
1928
1934
1935
1936
1937
1941
1948
1954
1961
1963
1989
1996
2006
2014
2018
2022
2023
2035
2040
2044
2046
2051
2066
2075
2086
2095
2098
2100
2102
2111
2119
2121
2123
2124
2127
2130
2140
2143
2148
2156
2163
2165
2173
2177
2181
2182
2183
2185
2189
2193
2197
2203
2205
2209
2211
2214
2226
2237
2251
2259
2262
2269
2281
2282
2283
2287
2292
2293
2298
2302
2303
2305
2309
2314
2316
2326
2329
2337
2341
2348
2358
2361
2387
2390
2391
2398
2402
2404
2405
2409
2410
2415
2430
2436
2437
2440
2444
2450
2453
2466
2479
2490
2496
2498
2505
2507
2508
2513
2515
2538
2547
2549
2555
2558
2561
2566
2570
2576
2584
2593
2606
2614
2615
2618
2619
2632
2637
2640
2642
2647
2652
2669
2673
2676
2679
2682
2692
2694
2697
2715
2720
2721
2729
2733
2735
2739
2743
2745
2748
2765
2768
2769
2778
2792
2797
2799
2804
2807
2809
2812
2816
2824
2827
2828
2835
2841
2845
2846
2853
2854
2857
2858
2860
2861
2862
2868
2872
2886
2888
2890
2893
2902
2906
2911
2919
2924
2925
2932
2936
2948
2959
2960
2981
2983
2984
2989
2997
2998
3008
3009
3014
3021
3024
3030
3040
3041
3047
3048
3050
3055
3063
3068
3086
3101
3106
3109
3112
3122
3138
3149
3152
3154
3164
3167
3168
3179
3192
3194
3201
3205
3211
3220
3223
3224
3236
3246
3256
3264
3265
3267
3272
3274
3280
3283
3290
3295
3296
3305
3309
3313
3320
3324
3328
3331
3334
3335
3336
3347
3361
3362
3371
3376
3380
3382
3383
3384
3388
3389
3391
3405
3408
3409
3413
3414
3419
3420
3421
3422
3431
3441
3443
3454
3465
3468
3474
3482
3487
3494
3499
3506
3512
3527
3528
3533
3538
3539
3543
3547
3551
3564
3568
3578
3581
3583
3589
3593
3597
3603
3605
3607
3616
3617
3624
3625
3628
3630
3644
3655
3660
3677
3685
3690
3691
3694
3700
3702
3707
3708
3710
3711
3713
3726
3745
3752
3756
3767
3776
3783
3784
3785
3795
3796
3810
3815
3823
3828
3830
3834
3839
3845
3850
3856
3859
3860
3873
3874
3876
3880
3893
3904
3910
3911
3916
3919
3921
3926
3928
3929
3935
3939
3945
3958
3960
3979
3990
3992
3994
3995
4005
4006
4011
4014
4023
4032
4043
4049
4052
4060
4066
4075
4076
4079
4087
4089
4090
4102
4104
4106
4107
4117
4136
4146
4147
4149
4155
4157
4161
4162
4163
4165
4174
4176
4183
4186
4190
4194
4196
4204
4211
4213
4215
4218
4219
4220
4221
4223
4228
4229
4234
4240
4245
4252
4257
4266
4268
4269
4270
4272
4273
4277
4281
4287
4294
4306
4311
4312
4314
4317
4324
4330
4337
4342
4363
4364
4375
4380
4382
4391
4393
4398
4414
4415
4423
4425
4435
4440
4441
4445
4453
4456
4459
4463
4468
4469
4471
4483
4486
4491
4497
4499
4502
4503
4504
4505
4524
4525
4527
4528
4531
4535
4540
4545
4550
4555
4559
4566
4568
4569
4574
4578
4592
4603
4607
4614
4615
4627
4630
4631
4633
4634
4640
4646
4649
4650
4652
4653
4663
4664
4667
4669
4670
4671
4680
4683
4701
4706
4707
4719
4729
4731
4733
4738
4739
4754
4755
4761
4762
4771
4787
4793
4795
4797
4803
4816
4817
4822
4833
4834
4836
4838
4845
4850
4859
4865
4866
4873
4876
4880
4888
4891
4893
4900
4907
4910
4919
4921
4935
4940
4950
4952
4955
4956
4968
4972
4973
4980
4981
4988
4990
4992
4993
5013
5014
5024
5025
5036
5041
5045
5059
5061
5063
5065
5070
5076
5077
5086
5097
5099
5100
5104
5112
5135
5139
5140
5141
5143
5145
5148
5150
5151
5178
5188
5201
5203
5205
5209
5210
5213
5221
5232
5247
5250
5254
5256
5257
5262
5264
5266
5270
5277
5283
5289
5310
5311
5314
5320
5322
5323
5329
5350
5353
5360
5363
5364
5372
5374
5385
5387
5393
5397
5398
5399
5400
5401
5403
5406
5417
5421
5430
5433
5438
5441
5443
5465
5480
5485
5486
5488
5493
5508
5511
5515
5516
5517
5519
5520
5526
5527
5530
5535
5543
5544
5549
5558
5560
5563
5572
5574
5576
5582
5585
5592
5609
5611
5615
5620
5621
5627
5628
5644
5655
5672
5680
5684
5689
5691
5695
5699
5708
5710
5717
5719
5722
5724
5726
5732
5739
5750
5751
5758
5760
5765
5781
5785
5786
5789
5793
5797
5801
5804
5814
5815
5820
5821
5824
5830
5833
5836
5838
5840
5841
5843
5846
5856
5861
5870
5878
5881
5891
5893
5894
5896
5900
5907
5911
5923
5926
5929
5934
5935
5936
5941
5947
5954
5968
5977
6004
6011
6017
6021
6022
6024
6033
6036
6040
6052
6055
6058
6064
6069
6080
6082
6090
6093
6095
6098
6107
6113
6116
6117
6118
6125
6126
6129
6139
6142
6146
6147
6161
6163
6169
6171
6173
6179
6191
6200
6211
6214
6216
6219
6227
6236
6258
6259
6261
6271
6273
6284
6293
6317
6332
6336
6337
6338
6339
6341
6360
6364
6368
6369
6372
6377
6380
6384
6388
6391
6393
6403
6405
6407
6411
6428
6430
6434
6436
6437
6453
6456
6459
6460
6470
6474
6489
6494
6498
6502
6503
6507
6509
6519
6521
6529
6530
6533
6540
6543
6549
6552
6555
6560
6561
6565
6567
6569
6595
6598
6600
6604
6632
6635
6636
6649
6661
6663
6664
6667
6671
6673
6676
6684
6688
6690
6692
6693
6695
6700
6701
6723
6726
6741
6742
6756
6771
6779
6784
6786
6789
6791
6792
6802
6803
6806
6812
6814
6817
6835
6836
6841
6842
6843
6844
6850
6854
6856
6860
6869
6871
6878
6880
6887
6889
6894
6896
6898
6910
6911
6917
6919
6936
6938
6943
6950
6952
6955
6982
6983
6989
6994
6998
7001
7002
7006
7009
7014
7025
7029
7031
7032
7035
7044
7058
7060
7063
7064
7070
7080
7084
7089
7092
7093
7094
7097
7103
7109
7120
7122
7126
7132
7139
7140
7141
7149
7161
7163
7164
7165
7169
7171
7172
7178
7193
7205
7209
7210
7211
7214
7216
7221
7223
7231
7234
7237
7238
7243
7254
7256
7257
7259
7264
7269
7271
7275
7276
7277
7284
7288
7292
7300
7307
7308
7326
7328
7340
7343
7353
7360
7373
7376
7380
7411
7412
7413
7414
7418
7422
7427
7435
7436
7454
7455
7457
7458
7459
7461
7467
7480
7482
7484
7485
7493
7494
7495
7500
7502
7511
7513
7519
7522
7532
7533
7536
7537
7543
7547
7549
7559
7566
7567
7568
7571
7576
7590
7596
7599
7601
7602
7603
7611
7612
7621
7630
7634
7636
7637
7638
7646
7651
7652
7656
7678
7679
7680
7683
7685
7686
7691
7692
7695
7696
7703
7705
7707
7715
7722
7728
7731
7735
7736
7739
7743
7744
7745
7755
7763
7782
7787
7791
7796
7800
7801
7804
7839
7840
7841
7842
7846
7860
7868
7869
7872
7886
7894
7902
7908
7911
7915
7916
7918
7924
7926
7928
7930
7933
7934
7943
7948
7954
7955
7959
7963
7966
7967
7971
7973
7990
7995
8008
8013
8024
8033
8034
8043
8053
8057
8061
8062
8064
8066
8068
8073
8076
8077
8081
8082
8088
8094
8096
8103
8105
8109
8112
8116
8119
8122
8125
8126
8127
8130
8140
8142
8154
8159
8167
8171
8173
8179
8183
8184
8188
8191
8192
8195
8201
8221
8226
8227
8238
8241
8242
8243
8255
8257
8260
8279
8281
8293
8298
8305
8307
8316
8333
8334
8336
8338
8340
8343
8357
8361
8363
8373
8375
8382
8384
8389
8395
8398
8403
8408
8414
8415
8419
8422
8440
8441
8443
8446
8448
8452
8472
8515
8522
8525
8527
8529
8530
8533
8535
8536
8537
8543
8549
8556
8572
8583
8596
8602
8608
8609
8611
8619
8624
8625
8631
8633
8647
8649
8650
8657
8660
8662
8664
8665
8667
8668
8679
8681
8682
8683
8687
8691
8692
8695
8698
8705
8715
8718
8721
8722
8729
8731
8732
8735
8738
8740
8741
8746
8750
8753
8769
8773
8777
8781
8783
8787
8792
8799
8810
8814
8830
8840
8841
8844
8847
8858
8864
8867
8868
8875
8877
8881
8900
8901
8912
8914
8917
8937
8938
8953
8974
8980
8981
8983
8990
8994
8996
8997
9003
9024
9027
9029
9034
9036
9038
9051
9064
9068
9069
9072
9079
9095
9096
9097
9102
9104
9107
9113
9114
9115
9132
9135
9138
9140
9142
9156
9158
9162
9195
9209
9220
9221
9230
9245
9252
9254
9259
9261
9263
9265
9266
9272
9277
9280
9292
9300
9305
9307
9313
9314
9315
9327
9330
9331
9335
9337
9339
9340
9344
9350
9351
9384
9388
9392
9393
9397
9398
9403
9405
9416
9446
9455
9461
9466
9475
9477
9482
9487
9489
9491
9494
9499
9502
9523
9529
9530
9550
9555
9565
9566
9570
9581
9585
9587
9591
9613
9616
9618
9635
9640
9650
9652
9658
9675
9681
9693
9695
9698
9703
9705
9706
9710
9717
9721
9727
9741
9742
9748
9749
9758
9769
9770
9771
9781
9784
9787
9794
9797
9801
9802
9810
9812
9816
9820
9823
9824
9826
9829
9833
9835
9844
9847
9850
9854
9868
9874
9877
9882
9891
9898
9903
9904
9907
9914
9918
9920
9932
9936
9940
9946
9948
9969
9979
9981
9990
9995
9996
9997
10007
10018
10023
10030
10034
10039
10042
10046
10047
10052
10055
10069
10092
10095
10100
10104
10106
10107
10122
10125
10126
10131
10135
10152
10155
10158
10173
10179
10189
10196
10202
10207
10208
10216
10231
10246
10247
10254
10258
10260
10263
10265
10266
10270
10276
10278
10283
10299
10302
10304
10307
10308
10324
10329
10333
10334
10341
10342
10348
10353
10361
10362
10363
10378
10379
10390
10397
10398
10400
10406
10418
10419
10426
10435
10438
10441
10443
10449
10460
10461
10466
10468
10487
10500
10519
10521
10526
10529
10535
10547
10553
10556
10558
10561
10562
10566
10574
10576
10578
10584
10588
10599
10601
10604
10608
10621
10622
10624
10630
10631
10632
10633
10639
10640
10643
10645
10659
10660
10671
10672
10677
10689
10694
10696
10702
10714
10719
10722
10728
10730
10731
10735
10737
10740
10741
10746
10755
10756
10761
10764
10767
10772
10774
10782
10792
10798
10800
10824
10825
10840
10844
10861
10862
10865
10867
10875
10876
10889
10892
10909
10910
10916
10924
10928
10935
10938
10941
10952
10953
10958
10959
10961
10969
10974
10978
10992
10998
11003
11004
11009
11014
11015
11018
11023
11025
11027
11029
11031
11041
11047
11049
11053
11054
11057
11061
11063
11067
11070
11071
11078
11081
11082
11083
11088
11090
11096
11103
11106
11114
11116
11121
11123
11129
11130
11142
11164
11173
11181
11182
11184
11186
11187
11196
11207
11208
11218
11232
11234
11235
11240
11259
11260
11267
11268
11270
11275
11282
11291
11292
11296
11312
11313
11318
11319
11321
11338
11343
11346
11357
11359
11363
11370
11375
11376
11377
11380
11382
11384
11389
11392
11406
11410
11413
11423
11426
11433
11438
11442
11445
11448
11454
11457
11465
11472
11473
11474
11479
11480
11487
11489
11490
11494
11496
11500
11502
11503
11508
11513
11517
11524
11529
11530
11558
11559
11569
11573
11575
11583
11588
11589
11590
11592
11594
11598
11599
11606
11612
11613
11617
11625
11626
11630
11631
11633
11638
11639
11643
11646
11656
11657
11658
11661
11662
11672
11683
11686
11687
11689
11690
11694
11700
11704
11714
11718
11723
11733
11738
11739
11744
11763
11770
11787
11789
11790
11792
11795
11798
11803
11805
11815
11830
11831
11833
11836
11844
11847
11850
11854
11859
11867
11868
11869
11876
11887
11892
11895
11896
11897
11907
11921
11928
11938
11943
11949
11950
11951
11956
11961
11964
11979
11980
11982
11985
11986
11994
12000
12002
12003
12005
12012
12020
12028
12033
12039
12041
12043
12044
12059
12062
12072
12078
12082
12089
12094
12095
12096
12106
12112
12114
12118
12132
12135
12143
12149
12156
12160
12164
12173
12176
12183
12185
12189
12192
12193
12201
12208
12216
12219
12224
12226
12231
12232
12237
12238
12239
12243
12245
12249
12252
12254
12255
12262
12264
12268
12277
12280
12283
12285
12286
12287
12293
12296
12299
12305
12316
12326
12328
12329
12350
12352
12359
12364
12366
12369
12374
12389
12391
12400
12402
12404
12410
12421
12429
12432
12437
12438
12439
12447
12449
12450
12483
12503
12524
12530
12535
12537
12541
12543
12545
12547
12555
12565
12572
12574
12581
12591
12604
12607
12613
12621
12631
12647
12653
12654
12659
12668
12674
12676
12677
12679
12680
12695
12696
12705
12710
12716
12718
12719
12721
12722
12729
12740
12742
12743
12744
12753
12754
12762
12767
12773
12780
12781
12784
12785
12791
12810
12821
12825
12840
12841
12853
12868
12869
12876
12878
12881
12900
12905
12910
12914
12915
12923
12924
12927
12937
12944
12945
12949
12954
12955
12960
12962
12964
12981
12983
12990
12992
12994
12999
13005
13016
13024
13025
13033
13036
13041
13061
13069
13074
13079
13080
13085
13091
13103
13112
13117
13119
13121
13138
13139
13143
13149
13158
13172
13175
13186
13191
13192
13196
13198
13200
13202
13205
13207
13209
13217
13221
13225
13232
13233
13235
13238
13243
13250
13253
13255
13256
13257
13260
13263
13264
13265
13272
13276
13285
13293
13305
13312
13325
13328
13344
13350
13357
13362
13365
13366
13369
13370
13378
13386
13393
13406
13408
13412
13417
13420
13423
13425
13429
13433
13436
13441
13452
13453
13456
13462
13472
13476
13478
13480
13482
13498
13502
13516
13520
13534
13544
13555
13568
13570
13576
13578
13590
13593
13595
13596
13598
13599
13600
13617
13621
13624
13645
13653
13664
13680
13681
13686
13692
13695
13707
13708
13709
13714
13718
13734
13740
13745
13746
13751
13762
13769
13770
13776
13777
13780
13781
13790
13797
13805
13806
13811
13813
13816
13817
13825
13834
13843
13850
13851
13853
13866
13872
13883
13888
13904
13906
13911
13914
13915
13920
13927
13933
13934
13938
13940
13955
13956
13965
13971
13978
13991
14010
14011
14016
14028
14037
14043
14046
14049
14053
14056
14082
14083
14088
14095
14099
14103
14112
14114
14118
14119
14120
14122
14124
14125
14132
14134
14136
14139
14141
14142
14144
14165
14167
14169
14170
14173
14178
14193
14198
14199
14203
14206
14211
14213
14221
14224
14228
14234
14235
14246
14247
14251
14253
14257
14258
14265
14269
14296
14301
14321
14326
14350
14361
14368
14376
14377
14382
14386
14389
14394
14395
14407
14410
14411
14428
14432
14437
14438
14441
14444
14454
14456
14460
14467
14474
14476
14485
14494
14497
14501
14507
14508
14510
14516
14517
14518
14521
14524
14531
14537
14538
14543
14546
14559
14561
14564
14569
14578
14589
14598
14600
14604
14612
14614
14615
14620
14622
14641
14643
14652
14655
14656
14661
14669
14670
14672
14681
14691
14692
14697
14701
14706
14708
14709
14710
14712
14723
14728
14730
14741
14746
14748
14754
14756
14762
14763
14767
14768
14771
14776
14777
14779
14789
14795
14809
14824
14827
14844
14853
14857
14864
14871
14878
14884
14885
14890
14904
14924
14927
14928
14931
14942
14951
14953
14959
14961
14962
14974
14975
14984
14998
15003
15007
15009
15017
15020
15024
15028
15036
15047
15049
15054
15056
15061
15063
15065
15068
15070
15072
15074
15075
15078
15083
15084
15085
15086
15092
15099
15100
15105
15107
15113
15115
15124
15126
15135
15136
15149
15152
15153
15156
15162
15165
15166
15167
15168
15171
15174
15176
15187
15188
15198
15200
15202
15203
15205
15217
15218
15222
15225
15227
15231
15238
15240
15247
15254
15269
15273
15276
15278
15279
15280
15285
15300
15303
15312
15314
15315
15317
15322
15326
15328
15330
15331
15334
15336
15339
15340
15343
15351
15353
15356
15359
15366
15369
15371
15375
15384
15395
15397
15400
15402
15410
15415
15429
15439
15442
15443
15445
15450
15453
15454
15456
15459
15461
15468
15469
15471
15479
15498
15510
15515
15521
15523
15537
15552
15557
15562
15573
15580
15581
15588
15594
15595
15598
15604
15606
15610
15612
15623
15644
15654
15657
15658
15663
15673
15676
15678
15682
15684
15690
15691
15700
15711
15713
15726
15728
15731
15735
15737
15739
15744
15750
15754
15759
15764
15774
15797
15798
15806
15808
15819
15822
15841
15850
15854
15856
15886
15888
15889
15890
15894
15895
15902
15913
15916
15917
15918
15932
15937
15943
15946
15947
15950
15957
15961
15974
15975
15987
15995
15996
16004
16011
16021
16022
16029
16033
16038
16040
16043
16047
16051
16055
16061
16094
16099
16101
16117
16119
16123
16129
16140
16141
16143
16148
16149
16156
16167
16169
16170
16179
16186
16188
16189
16192
16193
16210
16220
16227
16236
16238
16260
16261
16270
16276
16290
16296
16301
16302
16303
16305
16309
16312
16323
16331
16335
16340
16342
16344
16362
16378
16379
16384
16385
16386
16387
16390
16396
16397
16398
16403
16417
16421
16429
16437
16438
16450
16454
16474
16479
16489
16495
16501
16511
16519
16523
16536
16552
16557
16561
16562
16563
16566
16569
16582
16585
16586
16589
16596
16597
16598
16603
16605
16610
16620
16634
16636
16641
16642
16649
16655
16656
16658
16663
16680
16681
16683
16684
16685
16691
16692
16698
16702
16703
16715
16720
16721
16730
16737
16741
16743
16746
16756
16760
16765
16767
16768
16769
16772
16773
16783
16784
16790
16792
16802
16808
16816
16818
16821
16826
16832
16834
16841
16845
16858
16869
16879
16885
16890
16891
16899
16908
16912
16913
16917
16919
16924
16928
16930
16933
16934
16938
16944
16948
16951
16959
16960
16963
16969
16972
16990
16991
16997
17001
17002
17015
17016
17020
17023
17026
17032
17035
17041
17043
17058
17060
17064
17071
17072
17074
17077
17080
17088
17094
17098
17100
17101
17103
17106
17111
17113
17116
17117
17129
17130
17131
17136
17146
17151
17164
17170
17176
17179
17190
17198
17205
17206
17207
17211
17216
17217
17221
17222
17224
17230
17237
17242
17245
17247
17248
17252
17258
17260
17263
17264
17268
17277
17280
17281
17283
17292
17295
17306
17307
17311
17317
17319
17326
17329
17330
17347
17349
17358
17359
17363
17370
17377
17379
17382
17384
17385
17390
17392
17396
17398
17404
17412
17419
17422
17431
17433
17435
17441
17445
17446
17451
17458
17462
17463
17466
17474
17476
17477
17481
17484
17488
17493
17504
17513
17516
17523
17525
17528
17530
17532
17535
17539
17541
17544
17548
17554
17572
17580
17583
17592
17598
17599
17605
17618
17622
17623
17635
17639
17641
17644
17650
17658
17662
17665
17671
17678
17684
17690
17691
17694
17700
17702
17703
17709
17718
17719
17723
17724
17725
17731
17739
17747
17761
17772
17801
17813
17821
17823
17825
17828
17836
17841
17855
17862
17864
17866
17874
17880
17890
17892
17894
17896
17913
17922
17925
17929
17933
17934
17940
17941
17944
17946
17947
17948
17951
17959
17960
17967
17969
17970
17980
17981
17991
17994
17996
18003
18004
18007
18010
18019
18024
18030
18033
18036
18039
18048
18049
18051
18054
18058
18074
18076
18079
18081
18085
18096
18102
18104
18109
18110
18113
18114
18119
18130
18134
18143
18144
18149
18151
18177
18182
18188
18193
18195
18199
18204
18207
18212
18217
18223
18235
18236
18238
18252
18255
18265
18273
18274
18290
18291
18292
18305
18306
18308
18309
18313
18315
18316
18317
18318
18321
18323
18326
18338
18358
18367
18369
18378
18382
18400
18402
18405
18424
18426
18429
18431
18432
18439
18440
18441
18445
18449
18450
18451
18455
18458
18473
18475
18483
18494
18502
18507
18515
18516
18521
18526
18528
18529
18532
18541
18551
18556
18565
18566
18568
18580
18585
18601
18605
18613
18616
18626
18627
18633
18636
18638
18645
18647
18662
18664
18665
18667
18668
18669
18673
18679
18687
18700
18705
18706
18714
18717
18724
18737
18740
18744
18749
18750
18754
18755
18759
18763
18770
18771
18779
18781
18788
18797
18801
18809
18813
18827
18836
18844
18852
18866
18869
18876
18882
18883
18894
18902
18903
18916
18918
18924
18929
18933
18934
18955
18968
18970
18979
18981
18990
18991
18995
19002
19012
19014
19029
19030
19032
19034
19054
19062
19063
19065
19066
19070
19073
19075
19084
19092
19096
19097
19102
19103
19106
19113
19127
19129
19131
19141
19146
19157
19162
19167
19168
19177
19178
19182
19186
19192
19198
19201
19203
19212
19229
19230
19233
19234
19239
19240
19241
19250
19252
19267
19276
19280
19281
19287
19291
19301
19302
19307
19311
19312
19313
19314
19327
19331
19333
19335
19341
19342
19343
19358
19364
19365
19371
19373
19378
19380
19383
19388
19389
19391
19402
19408
19418
19419
19420
19421
19422
19432
19443
19446
19457
19459
19465
19466
19482
19485
19492
19496
19502
19505
19508
19509
19525
19528
19538
19541
19543
19544
19546
19555
19567
19572
19574
19581
19583
19585
19593
19594
19612
19616
19636
19638
19641
19642
19651
19652
19654
19655
19656
19660
19661
19662
19666
19668
19675
19676
19680
19683
19685
19694
19696
19703
19706
19710
19717
19719
19726
19733
19736
19745
19750
19755
19759
19765
19767
19770
19771
19773
19778
19787
19790
19791
19792
19795
19796
19803
19809
19811
19814
19815
19817
19818
19829
19838
19839
19841
19846
19849
19855
19856
19858
19862
19888
19894
19908
19910
19911
19915
19916
19920
19922
19924
19925
19928
19931
19934
19948
19954
19965
19968
19986
19987
19994
20022
20027
20033
20035
20036
20041
20047
20050
20055
20060
20065
20071
20076
20079
20090
20092
20093
20104
20111
20113
20114
20115
20117
20120
20122
20147
20155
20161
20164
20165
20167
20172
20177
20181
20187
20191
20192
20205
20210
20212
20223
20231
20234
20236
20238
20249
20252
20254
20260
20262
20269
20270
20271
20272
20274
20279
20284
20287
20293
20297
20306
20307
20314
20330
20334
20335
20342
20355
20358
20364
20367
20374
20379
20380
20383
20385
20386
20393
20395
20396
20402
20403
20404
20420
20421
20425
20427
20428
20438
20442
20449
20460
20462
20468
20472
20477
20479
20480
20484
20487
20488
20494
20507
20508
20512
20525
20533
20555
20556
20564
20568
20569
20573
20575
20581
20589
20591
20600
20601
20604
20605
20613
20625
20630
20633
20643
20645
20650
20651
20654
20656
20657
20658
20659
20661
20668
20672
20674
20678
20689
20693
20694
20698
20699
20709
20719
20728
20732
20744
20758
20762
20763
20778
20783
20784
20795
20798
20801
20810
20827
20828
20829
20849
20856
20864
20865
20869
20884
20889
20890
20895
20900
20905
20916
20922
20925
20930
20934
20938
20943
20947
20956
20961
20963
20969
20974
20975
20986
20988
20990
20991
20992
20997
21000
21014
21015
21019
21021
21032
21036
21038
21042
21046
21051
21053
21054
21056
21058
21060
21066
21075
21087
21091
21097
21103
21106
21135
21139
21146
21153
21159
21160
21162
21163
21172
21176
21179
21183
21186
21189
21191
21206
21214
21215
21223
21233
21236
21239
21241
21247
21248
21249
21257
21280
21281
21287
21288
21289
21296
21305
21327
21328
21329
21332
21333
21334
21337
21351
21356
21361
21363
21370
21375
21386
21390
21391
21393
21394
21395
21401
21404
21405
21416
21428
21436
21451
21460
21461
21462
21463
21485
21486
21488
21499
21503
21506
21509
21516
21522
21524
21538
21539
21555
21557
21567
21569
21571
21573
21577
21583
21584
21591
21597
21606
21617
21621
21629
21633
21635
21642
21659
21665
21668
21674
21675
21682
21684
21686
21697
21698
21710
21737
21739
21746
21757
21758
21784
21793
21797
21798
21803
21804
21811
21812
21815
21819
21827
21829
21830
21831
21833
21837
21840
21847
21860
21863
21864
21866
21870
21871
21887
21888
21889
21894
21899
21902
21906
21909
21911
21913
21920
21921
21923
21927
21928
21930
21948
21958
21959
21960
21965
22002
22006
22010
22017
22020
22021
22023
22026
22037
22038
22039
22041
22049
22059
22065
22067
22073
22076
22086
22091
22098
22104
22108
22109
22111
22115
22116
22121
22130
22132
22136
22146
22159
22165
22170
22174
22177
22181
22185
22197
22208
22214
22218
22221
22225
22228
22234
22236
22238
22239
22247
22270
22273
22280
22285
22291
22294
22298
22305
22307
22308
22316
22326
22328
22329
22342
22348
22349
22356
22358
22361
22364
22367
22390
22391
22393
22402
22411
22412
22422
22423
22425
22432
22433
22437
22445
22455
22459
22460
22472
22477
22481
22487
22497
22503
22504
22505
22507
22510
22512
22534
22545
22548
22556
22560
22562
22563
22565
22568
22572
22579
22584
22596
22602
22605
22607
22618
22623
22633
22635
22638
22641
22650
22654
22657
22658
22659
22661
22662
22663
22667
22668
22669
22671
22683
22691
22696
22698
22700
22703
22704
22708
22719
22727
22728
22731
22740
22746
22757
22758
22760
22763
22766
22768
22773
22781
22782
22785
22799
22804
22805
22807
22808
22819
22826
22827
22835
22839
22840
22846
22849
22858
22867
22872
22882
22887
22892
22894
22899
22900
22901
22903
22910
22916
22921
22922
22933
22937
22939
22948
22954
22964
22965
22969
22970
22971
22975
22976
22978
22992
22995
22996
22998
22999
23000
23007
23017
23020
23026
23030
23037
23044
23053
23063
23073
23079
23089
23103
23109
23110
23115
23120
23122
23132
23136
23142
23145
23146
23151
23156
23163
23164
23170
23174
23182
23185
23196
23207
23214
23222
23223
23225
23236
23254
23256
23259
23266
23270
23279
23280
23284
23285
23287
23292
23297
23300
23302
23307
23312
23327
23329
23333
23334
23337
23345
23347
23354
23359
23363
23390
23394
23397
23413
23423
23425
23431
23435
23436
23445
23450
23457
23460
23461
23468
23471
23491
23492
23497
23499
23500
23507
23511
23524
23539
23540
23541
23550
23552
23565
23570
23573
23575
23589
23590
23592
23594
23596
23597
23602
23606
23607
23608
23613
23619
23626
23631
23634
23636
23637
23640
23642
23646
23648
23667
23669
23671
23672
23673
23675
23683
23685
23689
23691
23711
23733
23734
23736
23739
23744
23746
23753
23754
23759
23767
23773
23779
23796
23799
23804
23806
23813
23817
23824
23833
23843
23847
23852
23854
23857
23858
23860
23871
23884
23885
23891
23909
23914
23929
23934
23941
23945
23946
23951
23953
23957
23961
23965
23968
23980
23985
23995
23997
23999
24001
24002
24012
24022
24023
24029
24033
24035
24042
24044
24047
24059
24060
24064
24068
24074
24081
24082
24083
24090
24098
24101
24121
24124
24126
24134
24154
24156
24159
24166
24168
24173
24181
24204
24206
24215
24223
24225
24232
24234
24236
24240
24241
24243
24255
24262
24276
24278
24282
24284
24289
24294
24295
24303
24304
24307
24308
24313
24332
24335
24342
24346
24349
24354
24356
24357
24359
24370
24371
24372
24377
24379
24382
24385
24391
24400
24403
24417
24419
24427
24428
24433
24441
24442
24445
24453
24454
24456
24465
24466
24470
24472
24475
24476
24479
24480
24483
24484
24489
24492
24495
24503
24507
24512
24535
24537
24538
24540
24551
24563
24571
24573
24575
24581
24585
24586
24596
24599
24600
24601
24603
24604
24615
24624
24625
24627
24634
24635
24645
24647
24652
24659
24667
24673
24681
24691
24693
24709
24715
24731
24742
24753
24754
24762
24767
24770
24779
24781
24782
24787
24789
24790
24795
24799
24805
24806
24810
24813
24816
24821
24827
24828
24834
24845
24855
24858
24859
24863
24868
24882
24886
24895
24897
24908
24917
24921
24922
24923
24928
24929
24935
24936
24937
24943
24950
24953
24954
24955
24958
24960
24969
24971
24979
24988
24990
24994
24997
24998
25000
25002
25007
25008
25013
25028
25032
25033
25035
25044
25054
25064
25067
25068
25069
25083
25093
25107
25111
25114
25117
25118
25135
25138
25142
25143
25146
25160
25166
25168
25173
25174
25178
25182
25194
25195
25196
25204
25209
25218
25222
25224
25228
25235
25238
25239
25245
25246
25255
25260
25262
25273
25281
25287
25288
25289
25298
25300
25303
25305
25316
25317
25318
25320
25332
25335
25340
25349
25351
25354
25357
25365
25379
25380
25382
25395
25400
25401
25402
25405
25423
25432
25436
25442
25443
25445
25449
25451
25453
25457
25472
25473
25481
25483
25484
25485
25493
25501
25504
25507
25530
25536
25540
25541
25548
25566
25580
25589
25590
25605
25606
25614
25617
25637
25640
25642
25643
25648
25650
25651
25653
25654
25665
25666
25667
25673
25674
25677
25679
25691
25705
25711
25712
25713
25718
25724
25728
25730
25735
25744
25752
25763
25769
25770
25772
25786
25791
25792
25795
25808
25811
25814
25821
25827
25828
25832
25834
25840
25849
25855
25860
25864
25867
25868
25874
25875
25876
25878
25879
25885
25889
25893
25899
25901
25904
25906
25907
25916
25917
25922
25927
25929
25932
25933
25937
25940
25942
25944
25947
25949
25954
25963
25966
25971
25976
25977
25978
25981
25984
25993
25996
25998
26003
26004
26007
26008
26010
26012
26013
26021
26025
26026
26035
26039
26042
26068
26069
26072
26074
26077
26081
26082
26084
26088
26089
26096
26097
26098
26101
26106
26112
26117
26119
26120
26132
26137
26148
26150
26151
26157
26159
26164
26175
26178
26181
26189
26192
26196
26204
26205
26218
26222
26223
26234
26235
26236
26237
26240
26242
26244
26245
26247
26253
26254
26263
26268
26277
26278
26282
26303
26308
26315
26332
26336
26339
26348
26353
26362
26373
26374
26376
26380
26385
26392
26395
26398
26400
26401
26403
26407
26408
26409
26413
26415
26419
26421
26423
26443
26445
26457
26474
26479
26488
26494
26502
26505
26507
26510
26515
26516
26530
26534
26535
26538
26544
26554
26557
26560
26563
26569
26582
26585
26591
26592
26599
26601
26608
26620
26622
26625
26642
26646
26648
26649
26654
26665
26669
26672
26676
26677
26682
26685
26709
26718
26733
26739
26742
26747
26748
26755
26758
26773
26775
26784
26805
26818
26822
26831
26834
26855
26856
26884
26886
26893
26902
26903
26905
26907
26910
26923
26924
26927
26943
26948
26951
26955
26972
26975
26985
26995
27002
27003
27019
27021
27025
27029
27031
27037
27044
27047
27048
27054
27061
27064
27065
27070
27071
27074
27080
27081
27082
27090
27092
27099
27100
27103
27106
27107
27109
27110
27120
27124
27128
27134
27138
27147
27156
27162
27163
27171
27191
27192
27196
27199
27206
27210
27223
27234
27239
27249
27255
27259
27269
27272
27275
27280
27281
27284
27285
27288
27307
27315
27318
27321
27322
27324
27334
27335
27342
27346
27347
27355
27362
27363
27377
27380
27381
27382
27393
27395
27403
27404
27406
27410
27411
27416
27417
27420
27423
27424
27426
27432
27433
27437
27440
27448
27449
27461
27468
27479
27485
27487
27501
27506
27508
27517
27523
27524
27525
27543
27547
27549
27550
27554
27558
27559
27568
27584
27587
27589
27590
27591
27593
27594
27595
27596
27609
27615
27617
27619
27620
27628
27630
27633
27636
27638
27653
27656
27657
27665
27670
27680
27684
27687
27691
27696
27701
27706
27719
27721
27722
27726
27727
27728
27733
27740
27747
27750
27751
27752
27755
27773
27781
27789
27797
27800
27805
27813
27814
27815
27817
27818
27821
27827
27831
27832
27843
27844
27847
27851
27852
27859
27860
27862
27863
27866
27876
27878
27883
27885
27888
27893
27894
27896
27897
27898
27900
27919
27920
27927
27931
27938
27941
27949
27950
27956
27961
27963
27987
27988
27989
28004
28017
28021
28023
28032
28043
28047
28048
28056
28058
28059
28071
28073
28076
28082
28088
28089
28092
28103
28105
28107
28112
28113
28116
28119
28121
28126
28128
28131
28136
28146
28158
28161
28165
28182
28191
28200
28202
28207
28212
28214
28215
28217
28228
28230
28242
28245
28251
28260
28262
28266
28276
28290
28292
28294
28295
28299
28309
28314
28315
28316
28317
28322
28329
28336
28338
28344
28347
28359
28363
28365
28371
28387
28389
28396
28409
28413
28415
28420
28422
28432
28434
28436
28439
28446
28447
28450
28451
28456
28457
28464
28482
28490
28493
28504
28508
28513
28520
28523
28525
28526
28527
28529
28533
28534
28538
28542
28543
28545
28546
28554
28558
28560
28563
28564
28570
28585
28590
28595
28603
28621
28631
28632
28640
28641
28647
28660
28661
28662
28668
28671
28675
28682
28696
28703
28709
28716
28723
28724
28725
28732
28734
28740
28747
28759
28760
28761
28762
28763
28771
28776
28785
28794
28801
28803
28804
28811
28813
28821
28825
28827
28834
28838
28853
28854
28857
28867
28873
28875
28881
28888
28893
28895
28897
28912
28919
28927
28932
28936
28943
28945
28946
28953
28954
28972
28975
28977
28980
28991
28993
29000
29004
29007
29009
29018
29027
29029
29030
29037
29054
29058
29060
29064
29066
29074
29087
29097
29099
29104
29114
29118
29124
29129
29136
29137
29143
29144
29145
29156
29165
29173
29177
29180
29185
29189
29203
29204
29211
29212
29216
29217
29220
29222
29242
29251
29257
29259
29263
29268
29274
29315
29320
29325
29327
29328
29330
29332
29337
29345
29346
29353
29362
29363
29364
29369
29373
29384
29397
29402
29412
29413
29417
29423
29426
29439
29441
29446
29449
29453
29460
29462
29463
29477
29479
29480
29492
29496
29499
29505
29507
29518
29521
29532
29534
29536
29549
29550
29551
29559
29563
29571
29574
29580
29581
29587
29595
29599
29603
29611
29626
29627
29634
29642
29643
29646
29654
29669
29686
29689
29693
29694
29697
29701
29713
29731
29732
29734
29743
29750
29753
29758
29789
29790
29799
29804
29805
29809
29826
29849
29852
29858
29867
29869
29875
29885
29887
29895
29898
29902
29907
29910
29918
29925
29930
29932
29933
29935
29953
29954
29963
29965
29970
29973
29974
29975
29979
29990
29991
29992
29994
29997
30001
30010
30035
30036
30039
30040
30049
30051
30054
30062
30065
30070
30086
30093
30094
30098
30101
30104
30109
30112
30114
30126
30130
30135
30139
30163
30171
30176
30179
30184
30198
30202
30211
30216
30218
30221
30228
30236
30238
30239
30243
30252
30253
30257
30260
30262
30265
30281
30290
30291
30295
30296
30304
30311
30321
30334
30367
30371
30375
30377
30395
30397
30402
30404
30408
30421
30427
30434
30469
30476
30478
30479
30483
30484
30488
30491
30499
30511
30512
30513
30514
30522
30526
30531
30532
30535
30540
30541
30548
30552
30554
30560
30567
30569
30575
30578
30593
30594
30600
30602
30610
30612
30627
30650
30652
30656
30658
30663
30672
30675
30681
30683
30687
30689
30690
30693
30695
30707
30712
30715
30716
30722
30728
30736
30740
30744
30748
30750
30763
30765
30768
30771
30773
30778
30779
30783
30789
30802
30803
30810
30811
30814
30815
30822
30824
30830
30839
30840
30841
30847
30851
30856
30867
30868
30871
30884
30896
30897
30900
30904
30908
30920
30921
30928
30933
30934
30936
30939
30943
30949
30955
30957
30961
30963
30971
30982
30988
30989
30999
31009
31023
31029
31030
31036
31037
31038
31039
31040
31050
31052
31061
31063
31066
31074
31093
31098
31103
31104
31109
31114
31121
31122
31123
31137
31139
31148
31152
31165
31176
31182
31185
31186
31199
31200
31201
31203
31204
31207
31211
31213
31219
31221
31223
31225
31227
31228
31231
31232
31233
31240
31246
31248
31257
31258
31259
31263
31270
31272
31273
31274
31276
31277
31279
31290
31295
31300
31306
31315
31322
31325
31335
31352
31355
31358
31359
31360
31361
31362
31370
31384
31387
31388
31392
31397
31402
31405
31408
31412
31415
31416
31419
31422
31424
31426
31427
31432
31437
31438
31441
31446
31447
31452
31453
31454
31455
31458
31462
31466
31469
31470
31474
31478
31479
31480
31481
31488
31489
31491
31498
31503
31506
31515
31518
31522
31523
31524
31528
31535
31537
31541
31545
31546
31547
31548
31558
31560
31574
31579
31583
31586
31601
31603
31615
31619
31621
31624
31625
31630
31632
31645
31653
31654
31655
31659
31665
31666
31667
31675
31676
31685
31701
31703
31710
31714
31763
31774
31780
31787
31795
31796
31799
31815
31824
31830
31831
31850
31852
31853
31864
31872
31874
31875
31879
31880
31882
31893
31904
31907
31908
31909
31910
31911
31914
31922
31924
31932
31933
31934
31938
31949
31951
31954
31971
31975
31985
31988
31992
31996
31999
32005
32007
32009
32011
32020
32030
32036
32037
32040
32046
32059
32075
32085
32091
32093
32097
32099
32101
32115
32134
32135
32138
32164
32167
32168
32174
32177
32183
32190
32193
32195
32197
32201
32204
32205
32208
32216
32223
32228
32229
32244
32245
32248
32249
32254
32262
32263
32269
32271
32276
32279
32289
32290
32296
32304
32305
32306
32308
32312
32314
32317
32318
32334
32341
32342
32345
32347
32350
32370
32374
32379
32381
32382
32385
32387
32394
32395
32401
32405
32410
32415
32422
32439
32460
32466
32470
32472
32480
32482
32485
32486
32498
32499
32508
32509
32516
32523
32532
32539
32541
32542
32554
32560
32570
32585
32594
32595
32598
32600
32609
32613
32617
32626
32628
32630
32635
32639
32643
32645
32651
32658
32663
32666
32667
32670
32671
32674
32680
32696
32699
32711
32714
32729
32754
32757
32764
32766
32770
32780
32784
32797
32800
32802
32807
32814
32818
32833
32834
32842
32843
32859
32869
32870
32891
32901
32914
32925
32927
32931
32939
32940
32941
32959
32963
32965
32968
32975
32977
32988
32989
32997
33000
33001
33003
33006
33010
33013
33028
33029
33033
33034
33035
33040
33042
33046
33047
33050
33051
33057
33059
33060
33064
33075
33080
33081
33089
33093
33100
33110
33113
33128
33144
33150
33156
33168
33172
33174
33187
33188
33199
33200
33209
33221
33222
33224
33228
33231
33237
33240
33245
33246
33250
33251
33258
33261
33262
33265
33267
33269
33270
33299
33301
33303
33304
33309
33311
33313
33321
33333
33342
33355
33358
33360
33367
33372
33377
33379
33389
33394
33397
33399
33407
33415
33417
33418
33420
33426
33436
33442
33443
33444
33446
33457
33458
33463
33470
33471
33493
33503
33519
33522
33536
33544
33545
33547
33548
33554
33559
33563
33567
33574
33580
33583
33587
33588
33591
33600
33601
33614
33617
33618
33621
33625
33627
33632
33636
33646
33654
33656
33660
33663
33668
33670
33682
33684
33686
33691
33695
33704
33707
33713
33718
33723
33726
33731
33732
33734
33737
33749
33761
33764
33767
33769
33777
33778
33779
33781
33783
33786
33788
33798
33802
33804
33806
33807
33811
33815
33826
33843
33845
33848
33853
33856
33869
33871
33874
33900
33907
33910
33914
33915
33917
33920
33922
33928
33933
33942
33950
33973
33990
33992
34003
34005
34017
34021
34022
34027
34031
34032
34038
34039
34043
34047
34054
34057
34068
34072
34074
34086
34088
34101
34104
34112
34120
34131
34137
34142
34147
34165
34166
34180
34182
34183
34184
34185
34199
34204
34205
34207
34216
34220
34228
34231
34233
34243
34248
34260
34266
34267
34271
34290
34292
34297
34301
34303
34311
34313
34320
34330
34336
34337
34345
34351
34354
34357
34359
34361
34362
34373
34376
34378
34382
34386
34387
34390
34391
34393
34398
34402
34408
34415
34420
34422
34427
34428
34433
34453
34456
34457
34462
34464
34465
34476
34483
34489
34490
34501
34503
34511
34520
34522
34524
34536
34538
34543
34562
34566
34572
34574
34576
34585
34587
34595
34600
34603
34609
34621
34625
34631
34634
34640
34642
34643
34645
34660
34676
34679
34680
34685
34688
34689
34697
34700
34701
34703
34713
34723
34728
34730
34731
34739
34741
34745
34746
34748
34749
34757
34760
34762
34766
34769
34771
34785
34786
34788
34795
34798
34801
34803
34804
34807
34811
34822
34826
34830
34831
34838
34851
34860
34863
34865
34868
34873
34875
34877
34878
34884
34888
34895
34900
34912
34919
34921
34942
34943
34945
34947
34952
34953
34961
34967
34974
34980
34981
34991
34999
35009
35016
35018
35021
35027
35031
35037
35042
35063
35074
35083
35084
35087
35095
35098
35104
35109
35123
35128
35147
35150
35156
35166
35174
35176
35182
35201
35204
35208
35214
35219
35222
35228
35231
35237
35241
35242
35252
35254
35261
35264
35271
35274
35297
35307
35310
35317
35321
35341
35344
35347
35350
35354
35356
35367
35368
35376
35389
35416
35424
35431
35434
35437
35440
35451
35461
35473
35477
35481
35483
35488
35495
35499
35501
35503
35505
35507
35508
35511
35521
35522
35523
35542
35544
35546
35549
35551
35556
35564
35566
35568
35569
35577
35580
35585
35590
35592
35593
35599
35604
35608
35609
35616
35622
35623
35626
35644
35646
35650
35658
35659
35661
35666
35676
35680
35693
35700
35704
35708
35720
35736
35738
35739
35742
35753
35754
35758
35768
35769
35775
35780
35784
35786
35799
35806
35812
35817
35829
35835
35839
35847
35859
35870
35874
35875
35881
35883
35887
35891
35894
35896
35906
35919
35924
35933
35934
35944
35946
35954
35974
35975
35978
36001
36013
36014
36019
36025
36027
36028
36029
36031
36032
36033
36060
36069
36085
36088
36091
36095
36100
36104
36105
36119
36122
36123
36131
36136
36146
36154
36158
36159
36163
36168
36169
36194
36202
36207
36216
36217
36218
36223
36235
36245
36247
36249
36261
36262
36263
36266
36278
36279
36280
36281
36290
36293
36303
36311
36314
36316
36323
36329
36331
36342
36352
36357
36369
36370
36384
36393
36394
36399
36411
36412
36416
36417
36419
36421
36432
36437
36448
36453
36459
36462
36464
36477
36489
36492
36498
36502
36508
36519
36520
36521
36535
36538
36558
36559
36561
36563
36575
36576
36577
36586
36588
36598
36600
36606
36619
36626
36627
36637
36639
36641
36643
36649
36658
36663
36673
36674
36676
36684
36705
36707
36711
36713
36714
36721
36724
36725
36736
36741
36746
36750
36751
36753
36755
36760
36761
36767
36774
36783
36784
36787
36789
36790
36797
36801
36804
36811
36818
36819
36820
36824
36830
36837
36852
36863
36879
36881
36886
36895
36898
36902
36903
36905
36907
36916
36934
36939
36947
36960
36968
36970
36977
36979
36980
36985
36994
36996
36998
36999
37003
37005
37007
37008
37010
37019
37020
37027
37044
37052
37063
37094
37097
37107
37112
37122
37129
37130
37134
37141
37145
37166
37167
37176
37180
37181
37185
37186
37189
37190
37196
37199
37201
37202
37203
37204
37206
37207
37212
37220
37223
37242
37244
37249
37257
37262
37267
37276
37280
37282
37293
37308
37313
37334
37340
37342
37343
37355
37359
37365
37367
37368
37369
37374
37380
37383
37393
37397
37401
37402
37405
37410
37416
37431
37432
37433
37443
37455
37461
37464
37466
37474
37479
37482
37484
37485
37500
37510
37512
37520
37530
37535
37537
37541
37542
37543
37544
37546
37554
37568
37569
37573
37574
37588
37591
37592
37593
37597
37599
37606
37607
37613
37615
37628
37630
37634
37638
37640
37643
37645
37656
37660
37668
37670
37684
37694
37699
37700
37706
37721
37723
37726
37733
37734
37735
37739
37745
37752
37754
37762
37770
37773
37779
37788
37790
37795
37803
37813
37815
37819
37828
37837
37840
37846
37855
37867
37878
37882
37885
37890
37891
37899
37906
37910
37912
37929
37932
37934
37942
37943
37954
37956
37960
37964
37965
37966
37968
37976
37977
37979
37980
37991
38000
38002
38003
38009
38013
38019
38021
38024
38026
38043
38046
38048
38053
38060
38069
38073
38079
38081
38090
38096
38106
38109
38115
38120
38122
38125
38127
38132
38135
38140
38142
38147
38148
38153
38161
38163
38165
38166
38174
38191
38194
38198
38199
38200
38208
38212
38234
38235
38242
38255
38258
38260
38268
38277
38288
38291
38297
38300
38305
38306
38319
38323
38327
38331
38333
38336
38338
38348
38350
38352
38353
38358
38360
38364
38371
38376
38410
38411
38414
38416
38423
38424
38426
38431
38432
38435
38436
38438
38440
38443
38445
38449
38450
38453
38463
38466
38476
38477
38478
38479
38491
38492
38513
38515
38523
38527
38529
38532
38533
38537
38541
38544
38547
38551
38557
38559
38561
38574
38585
38598
38603
38606
38610
38614
38615
38616
38622
38632
38634
38638
38641
38653
38654
38662
38663
38667
38669
38674
38676
38679
38687
38691
38695
38701
38705
38707
38713
38715
38721
38728
38735
38736
38737
38741
38745
38746
38748
38755
38766
38778
38788
38790
38792
38801
38820
38832
38836
38840
38841
38843
38853
38859
38862
38865
38870
38879
38880
38882
38885
38887
38888
38890
38891
38894
38906
38908
38917
38921
38925
38937
38953
38959
38970
38981
38995
38999
39000
39018
39029
39030
39032
39038
39045
39050
39058
39065
39067
39068
39069
39070
39072
39078
39082
39086
39088
39089
39096
39098
39105
39113
39121
39122
39136
39140
39141
39143
39147
39153
39154
39165
39166
39167
39174
39195
39223
39224
39227
39237
39238
39239
39243
39248
39257
39259
39260
39270
39275
39277
39291
39295
39303
39305
39308
39311
39322
39323
39331
39334
39341
39346
39353
39355
39358
39362
39365
39366
39368
39371
39373
39377
39378
39379
39384
39391
39398
39399
39404
39415
39419
39429
39433
39449
39451
39456
39458
39470
39471
39478
39481
39486
39498
39504
39505
39508
39513
39514
39521
39523
39526
39529
39530
39540
39545
39547
39548
39550
39551
39555
39556
39558
39559
39561
39569
39579
39581
39584
39587
39590
39593
39602
39607
39608
39611
39628
39629
39632
39636
39645
39654
39657
39667
39669
39699
39701
39705
39716
39729
39731
39733
39734
39735
39737
39743
39751
39759
39761
39772
39773
39782
39785
39796
39804
39805
39812
39816
39817
39820
39824
39828
39829
39830
39844
39846
39849
39850
39852
39856
39863
39864
39876
39879
39884
39885
39890
39903
39918
39923
39927
39931
39932
39936
39946
39949
39956
39960
39962
39969
39970
39978
39979
39982
39989
39994
39995
40006
40014
40017
40021
40026
40040
40050
40051
40063
40068
40069
40070
40076
40077
40088
40089
40092
40098
40100
40102
40105
40108
40110
40114
40118
40123
40137
40140
40141
40143
40144
40164
40168
40176
40180
40181
40183
40188
40189
40200
40205
40207
40222
40231
40236
40239
40242
40243
40254
40255
40270
40271
40273
40278
40283
40291
40292
40297
40301
40309
40314
40322
40326
40329
40332
40334
40341
40351
40356
40366
40370
40380
40384
40387
40388
40390
40397
40401
40403
40407
40409
40413
40426
40427
40430
40431
40441
40451
40458
40460
40461
40462
40471
40474
40478
40480
40483
40485
40490
40491
40495
40497
40500
40501
40506
40511
40522
40524
40530
40534
40538
40543
40554
40557
40558
40566
40570
40572
40575
40585
40593
40596
40597
40600
40602
40605
40627
40629
40633
40639
40648
40651
40652
40657
40660
40662
40677
40678
40681
40688
40689
40690
40691
40700
40719
40726
40732
40735
40736
40737
40752
40753
40756
40757
40760
40775
40779
40784
40787
40788
40789
40794
40800
40801
40803
40808
40819
40826
40829
40834
40838
40839
40868
40869
40874
40878
40888
40895
40904
40913
40917
40920
40922
40929
40943
40949
40950
40961
40963
40968
40969
40970
40972
40976
40977
40982
40988
40993
41008
41009
41010
41011
41036
41038
41043
41047
41055
41059
41060
41065
41069
41075
41076
41085
41096
41108
41112
41114
41115
41117
41126
41129
41130
41132
41133
41134
41137
41140
41153
41160
41165
41175
41182
41190
41192
41200
41214
41226
41228
41237
41252
41259
41261
41267
41271
41276
41294
41301
41318
41319
41322
41329
41341
41342
41344
41345
41347
41353
41363
41378
41379
41380
41381
41382
41395
41403
41407
41415
41417
41420
41421
41423
41429
41439
41442
41443
41447
41450
41452
41453
41459
41468
41488
41490
41495
41497
41506
41507
41518
41522
41525
41527
41537
41539
41544
41548
41552
41555
41556
41564
41571
41572
41592
41593
41595
41607
41617
41626
41635
41642
41643
41645
41646
41649
41653
41656
41657
41658
41667
41672
41681
41683
41686
41688
41696
41701
41711
41717
41722
41729
41745
41747
41755
41761
41762
41773
41775
41776
41786
41796
41799
41813
41816
41824
41827
41838
41839
41841
41844
41868
41877
41881
41894
41898
41902
41909
41916
41919
41950
41954
41955
41956
41971
41973
41974
41976
41983
41985
41986
41987
41997
42001
42004
42008
42025
42030
42033
42048
42054
42056
42064
42066
42067
42080
42089
42094
42099
42107
42110
42113
42118
42123
42149
42158
42162
42163
42164
42165
42168
42171
42187
42190
42195
42200
42217
42218
42219
42221
42227
42232
42240
42241
42267
42268
42271
42272
42279
42281
42283
42287
42293
42295
42316
42324
42337
42338
42347
42348
42362
42365
42378
42390
42397
42405
42407
42411
42420
42423
42426
42433
42444
42450
42457
42462
42463
42467
42472
42478
42480
42486
42488
42495
42501
42502
42504
42507
42510
42524
42529
42534
42538
42549
42554
42564
42569
42575
42602
42615
42616
42618
42619
42624
42627
42629
42630
42633
42651
42652
42653
42668
42669
42674
42689
42692
42697
42709
42719
42742
42744
42754
42756
42772
42780
42782
42786
42789
42791
42793
42797
42800
42804
42805
42815
42822
42827
42828
42830
42832
42838
42841
42845
42852
42853
42855
42856
42861
42864
42887
42888
42910
42932
42936
42960
42964
42970
42978
42982
42986
42990
43002
43005
43010
43017
43021
43022
43041
43042
43049
43057
43059
43061
43104
43109
43114
43121
43132
43142
43143
43146
43151
43154
43167
43171
43177
43180
43183
43184
43189
43190
43193
43200
43201
43210
43219
43222
43230
43248
43250
43256
43258
43263
43274
43277
43278
43287
43288
43292
43296
43300
43303
43314
43320
43321
43323
43325
43328
43333
43343
43349
43350
43358
43361
43367
43373
43375
43394
43397
43399
43405
43417
43422
43430
43434
43436
43438
43445
43451
43456
43459
43462
43468
43472
43481
43485
43486
43488
43489
43493
43502
43503
43505
43529
43531
43534
43545
43553
43558
43570
43573
43579
43582
43590
43591
43600
43607
43608
43610
43619
43624
43625
43640
43643
43644
43646
43650
43652
43654
43659
43660
43674
43679
43680
43681
43689
43701
43704
43711
43712
43715
43725
43730
43735
43737
43739
43743
43745
43752
43767
43775
43776
43780
43783
43786
43791
43795
43798
43802
43808
43813
43814
43816
43817
43825
43829
43832
43838
43848
43849
43855
43857
43858
43867
43873
43876
43880
43882
43894
43895
43919
43921
43922
43932
43937
43942
43947
43948
43958
43967
43972
43976
43984
43986
43987
43988
44005
44023
44024
44027
44030
44038
44043
44049
44050
44051
44052
44058
44060
44070
44078
44082
44083
44090
44092
44093
44095
44098
44105
44106
44111
44121
44122
44125
44139
44143
44148
44152
44156
44163
44165
44167
44178
44185
44186
44195
44201
44215
44218
44223
44226
44228
44230
44231
44234
44236
44240
44241
44246
44247
44254
44258
44270
44276
44285
44288
44313
44315
44322
44328
44330
44332
44348
44355
44364
44374
44380
44381
44383
44387
44388
44389
44390
44395
44397
44408
44410
44411
44417
44419
44430
44437
44441
44443
44451
44453
44459
44461
44463
44464
44466
44478
44482
44483
44487
44492
44496
44521
44531
44535
44540
44544
44550
44553
44560
44566
44569
44574
44579
44580
44590
44593
44602
44605
44606
44608
44609
44613
44631
44638
44642
44644
44646
44648
44656
44661
44664
44673
44683
44684
44688
44692
44703
44714
44726
44727
44733
44739
44742
44747
44748
44755
44758
44759
44769
44771
44772
44773
44774
44786
44792
44801
44802
44804
44806
44810
44814
44822
44823
44824
44827
44833
44834
44837
44841
44848
44855
44858
44868
44873
44880
44882
44894
44895
44897
44901
44906
44907
44908
44914
44923
44926
44928
44933
44947
44950
44951
44958
44984
44985
44987
44989
44996
44999
45005
45010
45015
45018
45022
45023
45028
45029
45034
45036
45038
45039
45043
45058
45063
45068
45076
45077
45082
45087
45100
45103
45105
45123
45129
45133
45140
45142
45144
45149
45151
45157
45158
45186
45215
45217
45219
45225
45227
45228
45233
45238
45240
45244
45261
45267
45274
45279
45280
45283
45284
45300
45303
45304
45305
45310
45312
45315
45335
45337
45338
45341
45345
45349
45351
45359
45361
45364
45380
45387
45398
45400
45403
45404
45407
45410
45418
45431
45441
45443
45444
45460
45461
45467
45471
45474
45477
45480
45482
45485
45488
45509
45516
45519
45520
45530
45538
45539
45544
45545
45547
45549
45552
45557
45559
45567
45579
45591
45605
45609
45610
45616
45621
45626
45630
45645
45646
45653
45666
45673
45677
45687
45691
45693
45703
45706
45708
45716
45718
45726
45727
45731
45733
45735
45747
45756
45758
45769
45776
45780
45789
45794
45800
45803
45806
45808
45822
45823
45826
45827
45830
45831
45833
45850
45869
45873
45878
45890
45891
45893
45898
45909
45916
45917
45922
45935
45936
45940
45949
45961
45978
45983
45992
46017
46020
46023
46037
46038
46041
46044
46047
46051
46056
46062
46070
46071
46072
46074
46075
46077
46079
46083
46086
46089
46093
46094
46103
46104
46109
46112
46119
46128
46134
46135
46138
46139
46140
46147
46154
46157
46159
46161
46165
46168
46169
46170
46173
46190
46193
46198
46204
46209
46211
46217
46224
46232
46249
46251
46263
46268
46273
46276
46278
46286
46288
46289
46297
46303
46308
46313
46315
46323
46324
46325
46329
46330
46343
46345
46354
46365
46371
46375
46376
46377
46378
46380
46384
46386
46395
46397
46398
46400
46404
46406
46419
46434
46440
46442
46446
46447
46454
46461
46466
46468
46469
46480
46481
46482
46490
46491
46493
46495
46502
46503
46505
46506
46518
46532
46534
46540
46542
46543
46553
46562
46566
46567
46571
46573
46577
46580
46590
46599
46600
46607
46611
46612
46615
46616
46623
46624
46634
46638
46640
46641
46643
46647
46657
46662
46666
46668
46670
46676
46699
46706
46708
46709
46711
46716
46723
46727
46738
46741
46748
46755
46757
46759
46765
46770
46773
46777
46780
46783
46791
46810
46812
46818
46823
46824
46831
46834
46841
46856
46863
46869
46870
46871
46872
46876
46878
46886
46901
46904
46907
46908
46915
46925
46926
46932
46933
46935
46938
46942
46944
46948
46956
46963
46968
46974
46978
46979
46981
46982
46984
46998
46999
47004
47005
47023
47025
47028
47044
47046
47048
47052
47053
47058
47070
47075
47081
47083
47090
47093
47097
47105
47107
47111
47114
47117
47124
47128
47132
47139
47141
47142
47146
47150
47151
47152
47162
47163
47166
47169
47170
47179
47185
47195
47196
47213
47214
47227
47231
47236
47240
47241
47247
47250
47252
47255
47271
47272
47275
47279
47285
47288
47289
47300
47301
47304
47306
47307
47310
47315
47320
47325
47327
47329
47336
47341
47346
47349
47358
47361
47371
47374
47378
47381
47383
47386
47387
47393
47397
47401
47403
47405
47407
47411
47420
47421
47424
47437
47440
47441
47442
47446
47451
47466
47479
47490
47495
47498
47509
47512
47513
47516
47519
47522
47532
47549
47565
47572
47581
47587
47591
47601
47636
47641
47646
47651
47659
47663
47669
47670
47672
47675
47677
47683
47685
47698
47700
47702
47706
47714
47716
47726
47729
47731
47740
47742
47749
47750
47754
47755
47760
47769
47773
47781
47783
47793
47798
47809
47812
47816
47817
47824
47828
47833
47834
47843
47847
47854
47858
47861
47866
47867
47875
47881
47888
47889
47891
47892
47893
47900
47902
47904
47907
47909
47922
47926
47928
47932
47934
47935
47940
47942
47945
47953
47962
47968
47976
47980
48001
48012
48032
48040
48045
48048
48051
48055
48057
48059
48062
48064
48071
48074
48081
48086
48090
48098
48109
48110
48117
48121
48122
48128
48129
48130
48134
48138
48145
48154
48157
48158
48161
48166
48168
48174
48179
48180
48194
48196
48199
48202
48218
48221
48232
48240
48244
48253
48257
48262
48281
48283
48288
48293
48294
48297
48301
48303
48307
48311
48312
48317
48318
48321
48326
48328
48334
48341
48348
48351
48357
48358
48366
48372
48375
48377
48381
48383
48395
48398
48400
48408
48409
48418
48420
48429
48431
48434
48443
48459
48463
48464
48466
48480
48484
48490
48492
48502
48517
48521
48527
48534
48538
48540
48543
48545
48548
48553
48554
48556
48562
48566
48575
48578
48579
48585
48587
48593
48594
48596
48606
48616
48620
48639
48641
48646
48653
48663
48673
48677
48678
48682
48683
48689
48692
48693
48701
48712
48714
48715
48732
48734
48735
48738
48740
48745
48748
48749
48753
48758
48764
48768
48772
48774
48780
48793
48800
48801
48805
48806
48807
48825
48827
48832
48838
48842
48849
48865
48868
48870
48873
48874
48875
48877
48880
48883
48886
48890
48900
48902
48913
48914
48917
48935
48936
48946
48948
48949
48956
48964
48966
48967
48974
48976
48978
48985
48990
49008
49017
49022
49024
49028
49029
49031
49033
49039
49055
49056
49057
49090
49091
49095
49100
49109
49118
49120
49123
49131
49136
49143
49147
49148
49149
49150
49154
49156
49158
49161
49164
49170
49171
49177
49187
49193
49194
49195
49205
49217
49218
49224
49229
49230
49232
49234
49242
49243
49247
49250
49251
49255
49265
49267
49274
49278
49279
49280
49287
49298
49303
49310
49324
49325
49326
49328
49338
49339
49343
49356
49358
49368
49370
49371
49376
49382
49398
49399
49401
49406
49410
49412
49416
49417
49421
49433
49437
49442
49448
49470
49473
49481
49491
49492
49494
49500
49501
49503
49507
49509
49510
49515
49517
49518
49521
49543
49558
49562
49573
49581
49606
49616
49622
49624
49630
49636
49638
49646
49659
49661
49664
49669
49675
49678
49684
49686
49690
49696
49697
49699
49701
49711
49715
49721
49724
49728
49732
49733
49735
49736
49751
49755
49756
49757
49758
49760
49768
49769
49774
49776
49789
49806
49817
49830
49840
49848
49856
49861
49862
49869
49882
49888
49901
49912
49913
49919
49925
49930
49939
49948
49954
49959
49964
49969
49974
49978
49986
49987
49999
50006
50019
50020
50027
50035
50041
50045
50049
50054
50070
50071
50076
50078
50079
50081
50082
50088
50090
50092
50110
50111
50121
50123
50134
50139
50144
50147
50154
50155
50167
50169
50177
50178
50187
50195
50208
50214
50224
50229
50232
50238
50252
50268
50273
50274
50276
50295
50301
50310
50312
50313
50318
50322
50324
50327
50331
50334
50336
50341
50345
50347
50359
50360
50361
50367
50368
50381
50391
50393
50407
50412
50418
50419
50421
50426
50430
50439
50442
50446
50450
50460
50461
50466
50470
50471
50475
50476
50484
50486
50490
50498
50504
50506
50509
50510
50519
50521
50534
50536
50539
50545
50546
50556
50557
50558
50559
50561
50570
50576
50578
50585
50596
50597
50600
50603
50604
50608
50612
50619
50634
50635
50655
50658
50659
50667
50677
50682
50685
50686
50689
50692
50696
50699
50705
50706
50707
50710
50712
50727
50735
50738
50741
50746
50748
50750
50770
50773
50775
50780
50789
50792
50797
50841
50845
50853
50863
50867
50868
50869
50870
50881
50883
50887
50888
50893
50894
50910
50911
50912
50913
50916
50919
50930
50953
50962
50965
50972
50975
50979
50983
50993
50994
51006
51009
51013
51016
51021
51029
51030
51031
51037
51047
51051
51064
51074
51077
51094
51097
51100
51105
51106
51110
51112
51133
51135
51137
51152
51164
51170
51173
51175
51180
51181
51182
51185
51191
51193
51198
51218
51219
51233
51234
51238
51239
51241
51250
51254
51256
51257
51259
51267
51271
51286
51292
51303
51308
51315
51321
51335
51336
51337
51342
51349
51351
51365
51376
51378
51379
51388
51389
51397
51399
51404
51409
51410
51421
51422
51426
51430
51431
51438
51446
51447
51451
51456
51468
51469
51470
51476
51484
51485
51486
51489
51494
51495
51511
51527
51534
51539
51540
51549
51558
51559
51564
51565
51572
51595
51606
51608
51625
51626
51629
51638
51642
51643
51657
51661
51665
51668
51671
51672
51687
51693
51704
51705
51715
51718
51722
51728
51729
51730
51735
51743
51746
51747
51753
51757
51767
51773
51774
51775
51776
51778
51786
51788
51799
51808
51817
51829
51833
51842
51843
51848
51854
51859
51862
51869
51872
51874
51878
51889
51893
51896
51927
51929
51934
51937
51941
51946
51948
51956
51959
51962
51963
51965
51974
51979
51991
51992
51995
52001
52010
52013
52014
52027
52036
52059
52062
52076
52077
52079
52088
52092
52099
52109
52114
52118
52122
52126
52130
52135
52137
52154
52170
52172
52173
52176
52177
52185
52187
52204
52221
52222
52224
52227
52232
52248
52274
52276
52277
52278
52290
52292
52297
52302
52305
52309
52313
52314
52320
52322
52334
52340
52341
52344
52352
52355
52356
52362
52366
52368
52370
52376
52377
52381
52398
52401
52403
52409
52411
52416
52420
52424
52464
52484
52487
52489
52492
52495
52499
52505
52506
52508
52532
52533
52536
52545
52549
52552
52564
52570
52571
52572
52589
52592
52603
52607
52620
52621
52626
52635
52636
52638
52640
52652
52655
52658
52674
52684
52687
52691
52694
52708
52713
52715
52719
52721
52726
52732
52734
52737
52738
52752
52753
52756
52761
52764
52767
52768
52781
52785
52788
52790
52800
52806
52817
52820
52822
52828
52834
52842
52845
52857
52859
52860
52865
52878
52882
52911
52924
52929
52933
52943
52944
52950
52959
52978
52983
52987
52989
52990
52993
52994
52999
53004
53006
53007
53011
53013
53015
53018
53033
53037
53039
53042
53043
53048
53053
53054
53057
53064
53068
53070
53071
53080
53082
53083
53096
53128
53132
53137
53141
53149
53152
53153
53156
53171
53178
53182
53183
53184
53191
53194
53195
53199
53201
53211
53213
53214
53215
53222
53232
53239
53244
53255
53268
53271
53276
53282
53286
53287
53302
53306
53307
53309
53311
53314
53317
53318
53319
53323
53325
53328
53331
53334
53335
53338
53345
53351
53355
53361
53371
53373
53378
53383
53404
53406
53407
53411
53413
53421
53423
53424
53426
53427
53429
53430
53432
53442
53453
53466
53467
53476
53481
53488
53491
53492
53498
53499
53510
53516
53520
53538
53539
53543
53549
53553
53562
53565
53571
53573
53575
53578
53580
53589
53596
53602
53604
53606
53610
53620
53622
53629
53633
53640
53644
53645
53649
53652
53660
53664
53665
53666
53684
53696
53699
53702
53723
53726
53730
53734
53735
53739
53740
53758
53763
53766
53767
53768
53772
53784
53795
53796
53803
53806
53807
53817
53818
53824
53826
53830
53831
53834
53836
53837
53840
53845
53847
53848
53876
53881
53888
53897
53902
53903
53914
53917
53924
53930
53936
53946
53955
53957
53964
53967
53971
53975
53981
53984
53985
53991
54002
54003
54008
54009
54023
54030
54031
54033
54041
54043
54048
54051
54059
54064
54078
54080
54083
54095
54099
54102
54103
54112
54115
54128
54129
54132
54133
54137
54156
54161
54186
54191
54202
54206
54220
54221
54222
54230
54233
54237
54267
54276
54277
54279
54282
54283
54288
54293
54295
54305
54307
54308
54313
54314
54315
54323
54327
54331
54335
54336
54358
54363
54372
54395
54402
54406
54431
54437
54453
54459
54460
54463
54477
54480
54490
54492
54516
54531
54546
54547
54552
54555
54556
54564
54573
54579
54585
54586
54589
54594
54601
54603
54606
54609
54610
54613
54616
54632
54642
54644
54649
54656
54663
54666
54668
54686
54697
54713
54716
54718
54720
54726
54727
54734
54740
54754
54761
54767
54778
54789
54794
54800
54803
54804
54817
54818
54824
54827
54841
54844
54851
54865
54869
54871
54879
54882
54887
54893
54894
54895
54901
54903
54905
54909
54912
54913
54916
54917
54922
54926
54929
54934
54936
54944
54946
54959
54962
54966
54967
54974
54980
54989
54996
55005
55006
55009
55018
55020
55021
55022
55028
55042
55048
55051
55057
55063
55066
55079
55088
55091
55095
55097
55099
55111
55112
55119
55121
55132
55134
55145
55150
55152
55171
55173
55174
55175
55178
55182
55193
55200
55201
55202
55205
55209
55217
55218
55235
55236
55246
55248
55249
55250
55260
55261
55275
55282
55285
55291
55294
55295
55302
55305
55319
55321
55322
55327
55330
55331
55339
55340
55341
55344
55357
55366
55367
55371
55375
55382
55383
55388
55390
55394
55403
55405
55406
55409
55411
55415
55417
55419
55422
55423
55435
55439
55442
55445
55446
55453
55458
55463
55466
55468
55469
55475
55484
55494
55502
55511
55520
55521
55524
55525
55526
55528
55530
55533
55535
55551
55554
55566
55570
55573
55580
55581
55598
55599
55612
55618
55627
55628
55637
55650
55651
55658
55662
55665
55673
55681
55698
55699
55709
55711
55715
55718
55719
55725
55726
55728
55736
55738
55740
55742
55745
55746
55751
55755
55776
55779
55788
55790
55797
55798
55800
55806
55808
55814
55841
55847
55850
55855
55856
55861
55865
55869
55875
55889
55899
55900
55914
55920
55922
55927
55930
55932
55937
55942
55947
55955
55956
55960
55966
55967
55970
55979
55982
55983
55984
55987
55994
55997
56000
56003
56012
56013
56027
56033
56044
56055
56063
56064
56067
56068
56077
56082
56088
56091
56094
56106
56123
56124
56125
56136
56137
56143
56145
56151
56164
56170
56171
56173
56177
56183
56192
56196
56203
56217
56219
56220
56228
56231
56233
56236
56238
56240
56251
56257
56263
56264
56265
56268
56270
56277
56280
56282
56285
56291
56292
56293
56295
56300
56304
56308
56311
56316
56317
56337
56341
56344
56346
56354
56359
56362
56377
56382
56383
56389
56391
56394
56395
56396
56399
56404
56409
56410
56412
56417
56420
56426
56444
56446
56447
56459
56465
56472
56475
56482
56489
56496
56497
56506
56508
56511
56522
56523
56526
56534
56541
56551
56553
56554
56562
56568
56571
56602
56603
56605
56612
56614
56626
56631
56651
56658
56669
56672
56676
56680
56681
56682
56684
56688
56691
56692
56693
56697
56703
56726
56730
56738
56748
56753
56759
56768
56775
56779
56780
56783
56797
56801
56806
56810
56814
56817
56818
56823
56824
56825
56829
56837
56841
56849
56863
56864
56874
56882
56885
56892
56894
56900
56908
56927
56929
56935
56939
56946
56948
56958
56960
56962
56971
56981
56982
56991
56993
56994
56999
57002
57007
57010
57011
57013
57015
57016
57025
57032
57035
57037
57038
57043
57044
57048
57052
57054
57063
57065
57068
57072
57084
57087
57096
57104
57108
57110
57111
57123
57132
57134
57138
57145
57147
57164
57172
57176
57185
57192
57214
57215
57216
57224
57231
57241
57242
57244
57255
57265
57267
57271
57284
57291
57304
57305
57308
57316
57329
57331
57332
57333
57347
57348
57353
57364
57366
57369
57370
57380
57381
57387
57388
57392
57394
57404
57407
57408
57415
57428
57429
57437
57449
57451
57452
57458
57465
57473
57478
57480
57486
57487
57491
57502
57505
57506
57507
57509
57512
57515
57518
57525
57526
57527
57537
57538
57539
57542
57546
57547
57558
57561
57564
57566
57569
57570
57577
57578
57579
57586
57595
57597
57599
57603
57606
57615
57628
57632
57647
57654
57656
57662
57672
57677
57682
57701
57703
57705
57715
57717
57725
57734
57737
57738
57741
57744
57750
57752
57759
57765
57766
57769
57781
57788
57795
57805
57809
57811
57817
57819
57827
57828
57838
57844
57849
57850
57852
57853
57854
57876
57877
57878
57895
57900
57906
57908
57911
57913
57914
57915
57926
57927
57934
57937
57939
57945
57948
57962
57971
57976
57984
57991
58007
58019
58029
58034
58039
58042
58060
58064
58065
58070
58071
58078
58079
58083
58084
58086
58094
58103
58110
58114
58120
58124
58134
58135
58137
58142
58149
58151
58160
58166
58172
58177
58184
58187
58195
58199
58201
58205
58212
58213
58225
58240
58243
58244
58250
58251
58263
58265
58272
58274
58275
58279
58280
58281
58283
58286
58292
58304
58315
58317
58327
58338
58343
58345
58346
58354
58360
58363
58364
58372
58373
58385
58388
58389
58390
58395
58401
58402
58408
58409
58411
58430
58433
58449
58464
58465
58467
58469
58476
58478
58479
58480
58486
58502
58504
58517
58524
58530
58531
58534
58538
58539
58545
58562
58563
58569
58570
58571
58590
58595
58596
58600
58605
58607
58615
58617
58618
58629
58637
58640
58654
58658
58661
58662
58665
58666
58669
58676
58690
58705
58715
58718
58723
58726
58727
58731
58734
58737
58741
58742
58748
58754
58755
58756
58770
58771
58774
58775
58776
58779
58787
58789
58794
58805
58807
58810
58817
58821
58846
58850
58851
58857
58875
58876
58882
58883
58891
58892
58904
58906
58907
58914
58917
58927
58930
58932
58941
58944
58952
58953
58954
58959
58972
58977
58980
58981
58983
58984
58993
58998
59000
59003
59006
59008
59021
59023
59030
59036
59041
59043
59063
59070
59094
59096
59097
59106
59116
59117
59119
59121
59123
59137
59139
59141
59148
59156
59159
59174
59175
59179
59190
59199
59200
59204
59209
59218
59227
59234
59235
59236
59238
59241
59250
59253
59254
59276
59285
59286
59293
59300
59303
59314
59316
59330
59331
59335
59337
59346
59356
59357
59361
59362
59365
59367
59375
59381
59386
59389
59399
59408
59409
59410
59415
59420
59421
59422
59430
59451
59453
59457
59459
59460
59462
59465
59472
59479
59495
59501
59521
59523
59526
59529
59543
59544
59547
59549
59550
59551
59557
59568
59576
59577
59585
59589
59595
59608
59611
59614
59615
59618
59627
59633
59638
59641
59642
59656
59660
59667
59674
59675
59679
59680
59681
59683
59686
59690
59708
59710
59711
59716
59722
59725
59734
59738
59741
59748
59760
59767
59769
59781
59786
59788
59789
59793
59805
59811
59827
59828
59829
59830
59838
59839
59874
59879
59882
59884
59891
59897
59900
59912
59921
59927
59930
59932
59935
59937
59941
59943
59947
59962
59969
59974
59984
59996
59998
60002
60011
60017
60020
60022
60025
60041
60042
60054
60064
60076
60089
60092
60096
60098
60104
60111
60119
60120
60121
60122
60127
60133
60140
60145
60147
60148
60149
60153
60156
60164
60165
60180
60187
60194
60195
60202
60211
60220
60225
60232
60237
60243
60254
60256
60263
60271
60273
60281
60284
60288
60299
60305
60306
60307
60315
60316
60322
60323
60325
60326
60344
60362
60363
60370
60374
60383
60391
60405
60406
60409
60413
60420
60423
60427
60437
60439
60442
60448
60456
60459
60464
60472
60477
60480
60483
60485
60487
60497
60498
60499
60513
60519
60521
60524
60525
60526
60530
60532
60536
60537
60539
60541
60542
60547
60553
60555
60556
60561
60565
60566
60570
60581
60582
60591
60593
60596
60597
60599
60601
60606
60607
60608
60611
60612
60624
60627
60636
60641
60642
60659
60664
60669
60671
60678
60683
60691
60696
60699
60706
60708
60717
60719
60730
60732
60733
60739
60740
60743
60751
60752
60756
60766
60773
60777
60782
60783
60792
